2020-04-05,1
2020-04-06,1
2020-04-07,1
2020-04-08,1
2020-04-09,1
2020-04-10,1
2020-04-11,1
2020-04-12,1
2020-04-13,1
2020-04-14,1
2020-04-15,1
2020-04-16,1
2020-04-17,2
2020-04-18,2
2020-04-19,2
2020-04-20,2
2020-04-21,2
