2020-03-11,1
2020-03-12,1
2020-03-13,1
2020-03-14,1
2020-03-15,2
2020-03-16,2
2020-03-17,3
2020-03-18,4
2020-03-19,4
2020-03-20,7
2020-03-21,9
2020-03-22,16
2020-03-23,18
2020-03-24,24
2020-03-25,28
2020-03-26,36
2020-03-27,42
2020-03-28,50
2020-03-29,59
2020-03-30,61
2020-03-31,79
2020-04-01,90
2020-04-02,102
2020-04-03,119
2020-04-04,132
2020-04-05,141
2020-04-06,147
2020-04-07,154
2020-04-08,156
2020-04-09,163
2020-04-10,165
2020-04-11,170
2020-04-12,173
2020-04-13,176
2020-04-14,177
2020-04-15,179
2020-04-16,182
2020-04-17,186
2020-04-18,188
2020-04-19,190
2020-04-20,192
2020-04-21,194
