2020-04-02,1
2020-04-03,1
2020-04-04,1
2020-04-05,1
2020-04-06,1
2020-04-07,1
2020-04-08,1
2020-04-09,1
2020-04-10,1
2020-04-11,1
2020-04-12,1
2020-04-13,1
2020-04-14,1
2020-04-15,1
2020-04-16,1
2020-04-17,1
2020-04-18,1
2020-04-19,1
2020-04-20,1
2020-04-21,1
2020-04-22,1
2020-04-23,1
2020-04-24,1
2020-04-25,1
2020-04-26,1
2020-04-27,1
2020-04-28,1
2020-04-29,1
2020-04-30,1
2020-05-01,2
2020-05-02,2
2020-05-03,2
2020-05-04,3
2020-05-05,3
2020-05-06,3
2020-05-07,2
2020-05-08,2
2020-05-09,2
2020-05-10,2
2020-05-11,2
2020-05-12,2
2020-05-13,4
2020-05-14,5
2020-05-15,5
2020-05-16,5
2020-05-17,6
2020-05-18,6
2020-05-19,6
2020-05-20,6
2020-05-21,6
2020-05-22,6
2020-05-23,6
2020-05-24,6
2020-05-25,6
2020-05-26,6
2020-05-27,6
2020-05-28,6
2020-05-29,7
2020-05-30,7
2020-05-31,7
2020-06-01,7
2020-06-02,7
2020-06-03,7
2020-06-04,7
2020-06-05,10
2020-06-06,11
2020-06-07,11
2020-06-08,11
2020-06-09,11
2020-06-10,11
2020-06-11,11
2020-06-12,12
2020-06-13,12
2020-06-14,12
2020-06-15,12
2020-06-16,13
2020-06-17,14
