2020-03-27,1
2020-03-28,1
2020-03-29,1
2020-03-30,1
2020-03-31,1
2020-04-01,1
2020-04-02,1
2020-04-03,1
2020-04-04,1
2020-04-05,1
2020-04-06,1
2020-04-07,1
2020-04-08,1
2020-04-09,1
2020-04-10,1
2020-04-11,1
2020-04-12,1
2020-04-13,2
2020-04-14,2
2020-04-15,1
2020-04-16,1
2020-04-17,1
2020-04-18,2
2020-04-19,2
2020-04-20,3
2020-04-21,4
2020-04-22,4
2020-04-23,4
2020-04-24,4
2020-04-25,5
2020-04-26,6
2020-04-27,7
2020-04-28,7
2020-04-29,7
2020-04-30,8
2020-05-01,9
2020-05-02,9
2020-05-03,9
2020-05-04,9
2020-05-05,9
2020-05-06,9
2020-05-07,11
2020-05-08,12
2020-05-09,12
2020-05-10,12
2020-05-11,12
2020-05-12,12
2020-05-13,12
2020-05-14,11
2020-05-15,11
2020-05-16,12
2020-05-17,12
2020-05-18,12
2020-05-19,12
2020-05-20,13
2020-05-21,13
2020-05-22,13
2020-05-23,13
2020-05-24,13
2020-05-25,13
2020-05-26,13
2020-05-27,16
2020-05-28,16
2020-05-29,16
2020-05-30,17
2020-05-31,17
2020-06-01,17
2020-06-02,17
2020-06-03,19
2020-06-04,21
2020-06-05,29
2020-06-06,31
2020-06-07,33
2020-06-08,33
2020-06-09,33
2020-06-10,39
2020-06-11,42
2020-06-12,42
2020-06-13,43
2020-06-14,44
2020-06-15,45
2020-06-16,44
2020-06-17,46
