2020-03-19,2
2020-03-20,3
2020-03-21,6
2020-03-22,12
2020-03-23,15
2020-03-24,18
2020-03-25,27
2020-03-26,49
2020-03-27,65
2020-03-28,81
2020-03-29,93
2020-03-30,113
2020-03-31,132
2020-04-01,158
2020-04-02,179
2020-04-03,210
2020-04-04,236
2020-04-05,267
2020-04-06,292
2020-04-07,331
2020-04-08,357
2020-04-09,392
2020-04-10,413
2020-04-11,456
2020-04-12,483
2020-04-13,508
2020-04-14,535
2020-04-15,551
2020-04-16,578
2020-04-17,591
2020-04-18,626
2020-04-19,659
2020-04-20,680
2020-04-21,712
