2020-03-24,1
2020-03-25,1
2020-03-26,2
2020-03-27,3
2020-03-28,3
2020-03-29,3
2020-03-30,4
2020-03-31,4
2020-04-01,5
2020-04-02,5
2020-04-03,5
2020-04-04,5
2020-04-05,7
2020-04-06,7
2020-04-07,7
2020-04-08,7
2020-04-09,7
2020-04-10,8
2020-04-11,9
2020-04-12,9
2020-04-13,10
2020-04-14,10
2020-04-15,10
2020-04-16,10
2020-04-17,10
2020-04-18,10
2020-04-19,10
2020-04-20,12
2020-04-21,12
