2020-03-27,1
2020-03-28,1
2020-03-29,1
2020-03-31,2
2020-04-01,2
2020-04-02,2
2020-04-03,2
2020-04-04,2
2020-04-05,2
2020-04-06,2
2020-04-07,7
2020-04-08,8
2020-04-09,11
2020-04-10,14
2020-04-11,14
2020-04-12,14
2020-04-13,19
2020-04-14,28
2020-04-15,44
2020-04-16,57
2020-04-17,72
2020-04-18,73
2020-04-19,75
2020-04-20,99
2020-04-21,112
